第一组4^6
-2.5850816633976592e-05
6.854007359891057e-05
-9.721589554345655e-05
7.19609378450059e-05
-2.016790624281839e-05
-1.3603226022951276e-05
1.605687476313733e-05
第二组3^6
-0.00011635318701763708
0.00011707948076633556
-2.407342762467124e-05
0.0003386677796513027
0.00034408366385108025
0.00012232522320942962
0.000450593547455469
第三组2^6
5.360638438389742e-05
-1.2548955130142758e-05
0.0002886185411163922
0.00017241374509779916
-6.850679434933227e-05
0.000197790521376362
-2.0342379443150094e-05
第四组
-5.068387045525924e-05
4.078936331808336e-05
-3.762348783453717e-05
-5.958461281707628e-05
-5.469346724851221e-06
4.050931259058643e-05
7.228244582790921e-05